[["first_deriv_edge", [-6.5685355922720445, 1.7071067811865475, -0.8099572022108874, 0.5, -0.3616156730429223, 0.2928932188134524, -0.2598915324741453, 0.5]], ["first_deriv_interior", [[3.1543220298989505, 4.613125929752753, -1.847759065022574, 1.0823922002923938, -0.7653668647301797, 0.6131259297527527, -0.5411961001461969, 0.2598915324741453], [-4.613125929752753, 0.7071067811865476, 3.0823922002923942, -1.4142135623730951, 0.9176077997076066, -0.7071067811865476, 0.6131259297527532, -0.2928932188134524], [1.8477590650225735, -3.0823922002923942, 0.22417076458398255, 2.613125929752753, -1.3065629648763768, 0.9176077997076066, -0.7653668647301792, 0.3616156730429223], [-1.0823922002923947, 1.414213562373095, -2.613125929752753, 0.0, 2.613125929752753, -1.414213562373095, 1.0823922002923947, -0.5], [0.7653668647301792, -0.9176077997076066, 1.3065629648763768, -2.613125929752753, -0.22417076458398255, 3.0823922002923942, -1.8477590650225735, 0.8099572022108874], [-0.6131259297527532, 0.7071067811865476, -0.9176077997076066, 1.4142135623730951, -3.0823922002923942, -0.7071067811865476, 4.613125929752753, -1.7071067811865475], [0.5411961001461969, -0.6131259297527527, 0.7653668647301797, -1.0823922002923938, 1.847759065022574, -4.613125929752753, -3.1543220298989505, 6.5685355922720445], [-1.0395661298965813, 1.1715728752538102, -1.4464626921716888, 2.0, -3.239828808843549, 6.82842712474619, -26.27414236908818, 21.5]]], ["second_deriv_edge", [131.14408626202055, -9.242640687119286, 2.2609852270533217, -1.0, 0.6851909037843065, -0.7573593128807143, 1.9097376071418353, 21.0]], ["second_deriv_interior", [[-190.0243866176395, 71.66443118134879, -18.485281374238564, 9.17157287525381, -5.9999999999999964, 4.61984006611312, -4.000000000000014, 1.9097376071418353], [36.03791643272307, -46.0, 23.361444207053324, -6.0, 2.9817015434542977, -2.0, 1.6189378167693107, -0.7573593128807143], [-5.9999999999999964, 17.62031892027227, -25.975613382360486, 14.82842712474619, -4.0, 2.0954098322658288, -1.5147186257614216, 0.6851909037843065], [2.3431457505076168, -4.0, 13.656854249492383, -22.0, 13.656854249492383, -4.0, 2.3431457505076168, -1.0], [-1.5147186257614216, 2.0954098322658288, -4.0, 14.82842712474619, -25.975613382360486, 17.62031892027227, -5.9999999999999964, 2.2609852270533217], [1.6189378167693107, -2.0, 2.9817015434542977, -6.0, 23.361444207053324, -46.0, 36.03791643272307, -9.242640687119286], [-4.000000000000014, 4.61984006611312, -5.9999999999999964, 9.17157287525381, -18.485281374238564, 71.66443118134879, -190.0243866176395, 131.14408626202055], [-43.62064584712482, 49.00505063388334, -60.10564144353806, 82.0, -128.81614806966002, 246.99494936611666, -439.4575646396771, 273.0]]], ["cross_deriv_corner", [[43.14565982694466, -11.213191652032801, 5.320232710939299, -3.2842677961360223, 2.3752854191058455, -1.9238795325112863, 1.7071067811865495, -3.2842677961360223], [-11.213191652032801, 2.914213562373095, -1.3826834323650896, 0.8535533905932737, -0.61731656763491, 0.4999999999999999, -0.44366259745957726, 0.8535533905932737], [5.320232710939299, -1.3826834323650896, 0.6560306694132884, -0.4049786011054437, 0.29289321881345237, -0.23723097205668517, 0.21050101852105874, -0.4049786011054437], [-3.2842677961360223, 0.8535533905932737, -0.4049786011054437, 0.25, -0.18080783652146115, 0.1464466094067262, -0.12994576623707266, 0.25], [2.3752854191058455, -0.61731656763491, 0.29289321881345237, -0.18080783652146115, 0.13076589499028568, -0.10591477845093451, 0.09398085143379456, -0.18080783652146115], [-1.9238795325112863, 0.4999999999999999, -0.23723097205668517, 0.1464466094067262, -0.10591477845093451, 0.08578643762690492, -0.07612046748871332, 0.1464466094067262], [1.7071067811865495, -0.44366259745957726, 0.21050101852105874, -0.12994576623707266, 0.09398085143379456, -0.07612046748871332, 0.06754360865175973, -0.12994576623707266], [-3.2842677961360223, 0.8535533905932737, -0.4049786011054437, 0.25, -0.18080783652146115, 0.1464466094067262, -0.12994576623707266, 0.25]]], ["cross_deriv_edge", [[[-20.71927652287906, -30.301481861214025, 12.137071184544093, -7.10973169241824, 5.027339492125849, -4.027339492125845, 3.55486584620912, -1.7071067811865495], [5.384764527286614, 7.875098557148421, -3.1543220298989505, 1.8477590650225733, -1.3065629648763768, 1.0466714324022308, -0.9238795325112866, 0.44366259745957726], [-2.554865846209121, -3.736434571509039, 1.4966057626654892, -0.8766913582437138, 0.619914404421775, -0.49660576266548867, 0.4383456791218569, -0.21050101852105874], [1.5771610149494752, 2.3065629648763766, -0.923879532511287, 0.5411961001461969, -0.38268343236508984, 0.30656296487637635, -0.27059805007309845, 0.12994576623707266], [-1.1406522838360258, -1.6681786379192984, 0.6681786379192989, -0.39140998400514354, 0.27676865391415517, -0.22171594574760917, 0.19570499200257177, -0.09398085143379456], [0.9238795325112867, 1.3511533023570843, -0.541196100146197, 0.31702533556221435, -0.22417076458398255, 0.17958042710327446, -0.15851266778110717, 0.07612046748871332], [-0.8197815862673951, -1.1989123673796593, 0.48021693505171065, -0.28130456767205225, 0.19891236737965828, -0.15934623748307808, 0.14065228383602613, -0.06754360865175973], [1.5771610149494752, 2.3065629648763766, -0.923879532511287, 0.5411961001461969, -0.38268343236508984, 0.30656296487637635, -0.27059805007309845, 0.12994576623707266]], [[30.301481861214025, -4.6446560597607585, -20.24680287696233, 9.289312119521517, -6.027339492125852, 4.6446560597607585, -4.027339492125848, 1.9238795325112863], [-7.875098557148421, 1.2071067811865475, 5.261972627395669, -2.414213562373095, 1.5664544973505226, -1.2071067811865475, 1.0466714324022317, -0.4999999999999999], [3.736434571509039, -0.5727262301542022, -2.4966057626654887, 1.1454524603084044, -0.7432230461780615, 0.5727262301542022, -0.49660576266548906, 0.23723097205668517], [-2.3065629648763766, 0.3535533905932738, 1.5411961001461971, -0.7071067811865476, 0.4588038998538033, -0.3535533905932738, 0.3065629648763766, -0.1464466094067262], [1.6681786379192984, -0.2557008945919878, -1.1146413300909883, 0.5114017891839756, -0.33182136208070123, 0.2557008945919878, -0.22171594574760933, 0.10591477845093451], [-1.3511533023570843, 0.20710678118654752, 0.9028117731891193, -0.41421356237309503, 0.26876110206469067, -0.20710678118654752, 0.1795804271032746, -0.08578643762690492], [1.1989123673796593, -0.183771064985432, -0.801087632620343, 0.367542129970864, -0.2384784972762385, 0.183771064985432, -0.1593462374830782, 0.07612046748871332], [-2.3065629648763766, 0.3535533905932738, 1.5411961001461971, -0.7071067811865476, 0.4588038998538033, -0.3535533905932738, 0.3065629648763766, -0.1464466094067262]], [[-12.137071184544089, 20.24680287696233, -1.472473645916727, -17.164410676669938, 8.58220533833497, -6.027339492125852, 5.027339492125845, -2.3752854191058455], [3.15432202989895, -5.261972627395669, 0.3826834323650897, 4.460884994775326, -2.2304424973876635, 1.5664544973505226, -1.306562964876376, 0.61731656763491], [-1.4966057626654887, 2.4966057626654887, -0.181568725299918, -2.116520167087264, 1.058260083543632, -0.7432230461780615, 0.6199144044217747, -0.29289321881345237], [0.9238795325112867, -1.5411961001461971, 0.11208538229199128, 1.3065629648763766, -0.6532814824381884, 0.4588038998538033, -0.3826834323650896, 0.18080783652146115], [-0.6681786379192988, 1.1146413300909883, -0.08106366191158335, -0.9449472918334539, 0.472473645916727, -0.33182136208070123, 0.27676865391415506, -0.13076589499028568], [0.5411961001461969, -0.9028117731891193, 0.06565809680287533, 0.7653668647301795, -0.3826834323650898, 0.26876110206469067, -0.22417076458398244, 0.10591477845093451], [-0.48021693505171054, 0.801087632620343, -0.05826008354363209, -0.6791293024313688, 0.33956465121568447, -0.2384784972762385, 0.19891236737965817, -0.09398085143379456], [0.9238795325112867, -1.5411961001461971, 0.11208538229199128, 1.3065629648763766, -0.6532814824381884, 0.4588038998538033, -0.3826834323650896, 0.18080783652146115]], [[7.109731692418246, -9.289312119521515, 17.164410676669938, 0.0, -17.164410676669938, 9.289312119521515, -7.109731692418246, 3.2842677961360223], [-1.8477590650225746, 2.414213562373095, -4.460884994775326, 0.0, 4.460884994775326, -2.414213562373095, 1.8477590650225746, -0.8535533905932737], [0.8766913582437145, -1.1454524603084042, 2.116520167087264, 0.0, -2.116520167087264, 1.1454524603084042, -0.8766913582437145, 0.4049786011054437], [-0.5411961001461973, 0.7071067811865475, -1.3065629648763766, 0.0, 1.3065629648763766, -0.7071067811865475, 0.5411961001461973, -0.25], [0.3914099840051439, -0.5114017891839755, 0.9449472918334539, 0.0, -0.9449472918334539, 0.5114017891839755, -0.3914099840051439, 0.18080783652146115], [-0.31702533556221457, 0.4142135623730949, -0.7653668647301795, 0.0, 0.7653668647301795, -0.4142135623730949, 0.31702533556221457, -0.1464466094067262], [0.2813045676720525, -0.36754212997086394, 0.6791293024313688, 0.0, -0.6791293024313688, 0.36754212997086394, -0.2813045676720525, 0.12994576623707266], [-0.5411961001461973, 0.7071067811865475, -1.3065629648763766, 0.0, 1.3065629648763766, -0.7071067811865475, 0.5411961001461973, -0.25]], [[-5.027339492125845, 6.027339492125852, -8.58220533833497, 17.164410676669938, 1.472473645916727, -20.24680287696233, 12.137071184544089, -5.320232710939299], [1.306562964876376, -1.5664544973505226, 2.2304424973876635, -4.460884994775326, -0.3826834323650897, 5.261972627395669, -3.15432202989895, 1.3826834323650896], [-0.6199144044217747, 0.7432230461780615, -1.058260083543632, 2.116520167087264, 0.181568725299918, -2.4966057626654887, 1.4966057626654887, -0.6560306694132884], [0.3826834323650896, -0.4588038998538033, 0.6532814824381884, -1.3065629648763766, -0.11208538229199128, 1.5411961001461971, -0.9238795325112867, 0.4049786011054437], [-0.27676865391415506, 0.33182136208070123, -0.472473645916727, 0.9449472918334539, 0.08106366191158335, -1.1146413300909883, 0.6681786379192988, -0.29289321881345237], [0.22417076458398244, -0.26876110206469067, 0.3826834323650898, -0.7653668647301795, -0.06565809680287533, 0.9028117731891193, -0.5411961001461969, 0.23723097205668517], [-0.19891236737965817, 0.2384784972762385, -0.33956465121568447, 0.6791293024313688, 0.05826008354363209, -0.801087632620343, 0.48021693505171054, -0.21050101852105874], [0.3826834323650896, -0.4588038998538033, 0.6532814824381884, -1.3065629648763766, -0.11208538229199128, 1.5411961001461971, -0.9238795325112867, 0.4049786011054437]], [[4.027339492125848, -4.6446560597607585, 6.027339492125852, -9.289312119521517, 20.24680287696233, 4.6446560597607585, -30.301481861214025, 11.213191652032801], [-1.0466714324022317, 1.2071067811865475, -1.5664544973505226, 2.414213562373095, -5.261972627395669, -1.2071067811865475, 7.875098557148421, -2.914213562373095], [0.49660576266548906, -0.5727262301542022, 0.7432230461780615, -1.1454524603084044, 2.4966057626654887, 0.5727262301542022, -3.736434571509039, 1.3826834323650896], [-0.3065629648763766, 0.3535533905932738, -0.4588038998538033, 0.7071067811865476, -1.5411961001461971, -0.3535533905932738, 2.3065629648763766, -0.8535533905932737], [0.22171594574760933, -0.2557008945919878, 0.33182136208070123, -0.5114017891839756, 1.1146413300909883, 0.2557008945919878, -1.6681786379192984, 0.61731656763491], [-0.1795804271032746, 0.20710678118654752, -0.26876110206469067, 0.41421356237309503, -0.9028117731891193, -0.20710678118654752, 1.3511533023570843, -0.4999999999999999], [0.1593462374830782, -0.183771064985432, 0.2384784972762385, -0.367542129970864, 0.801087632620343, 0.183771064985432, -1.1989123673796593, 0.44366259745957726], [-0.3065629648763766, 0.3535533905932738, -0.4588038998538033, 0.7071067811865476, -1.5411961001461971, -0.3535533905932738, 2.3065629648763766, -0.8535533905932737]], [[-3.55486584620912, 4.027339492125845, -5.027339492125849, 7.10973169241824, -12.137071184544093, 30.301481861214025, 20.71927652287906, -43.14565982694466], [0.9238795325112866, -1.0466714324022308, 1.3065629648763768, -1.8477590650225733, 3.1543220298989505, -7.875098557148421, -5.384764527286614, 11.213191652032801], [-0.4383456791218569, 0.49660576266548867, -0.619914404421775, 0.8766913582437138, -1.4966057626654892, 3.736434571509039, 2.554865846209121, -5.320232710939299], [0.27059805007309845, -0.30656296487637635, 0.38268343236508984, -0.5411961001461969, 0.923879532511287, -2.3065629648763766, -1.5771610149494752, 3.2842677961360223], [-0.19570499200257177, 0.22171594574760917, -0.27676865391415517, 0.39140998400514354, -0.6681786379192989, 1.6681786379192984, 1.1406522838360258, -2.3752854191058455], [0.15851266778110717, -0.17958042710327446, 0.22417076458398255, -0.31702533556221435, 0.541196100146197, -1.3511533023570843, -0.9238795325112867, 1.9238795325112863], [-0.14065228383602613, 0.15934623748307808, -0.19891236737965828, 0.28130456767205225, -0.48021693505171065, 1.1989123673796593, 0.8197815862673951, -1.7071067811865495], [0.27059805007309845, -0.30656296487637635, 0.38268343236508984, -0.5411961001461969, 0.923879532511287, -2.3065629648763766, -1.5771610149494752, 3.2842677961360223]], [[6.828427124746198, -7.695518130045148, 9.50114167642338, -13.137071184544089, 21.280930843757194, -44.852766608131205, 172.58263930777866, -141.22351523384896], [-1.774650389838309, 2.0000000000000004, -2.4692662705396393, 3.414213562373095, -5.530733729460358, 11.65685424949238, -44.85276660813121, 36.702795795510774], [0.8420040740842349, -0.9489238882267411, 1.171572875253809, -1.6199144044217748, 2.624122677653153, -5.5307337294603585, 21.2809308437572, -17.41407984753408], [-0.5197830649482906, 0.5857864376269051, -0.7232313460858444, 1.0, -1.6199144044217746, 3.414213562373095, -13.13707118454409, 10.75], [0.37592340573517824, -0.4236591138037382, 0.5230635799611426, -0.7232313460858446, 1.1715728752538093, -2.46926627053964, 9.501141676423384, -7.774736970422829], [-0.30448186995485327, 0.3431457505076198, -0.42365911380373794, 0.5857864376269049, -0.9489238882267406, 1.9999999999999996, -7.695518130045146, 6.297204204489227], [0.27017443460703894, -0.3044818699548534, 0.37592340573517813, -0.5197830649482906, 0.8420040740842348, -1.774650389838309, 6.828427124746199, -5.587667948194124], [-0.5197830649482906, 0.5857864376269051, -0.7232313460858444, 1.0, -1.6199144044217746, 3.414213562373095, -13.13707118454409, 10.75]]]], ["cross_deriv_interior", [[[[9.949747468305835, 14.551284746917188, -5.8284271247461925, 3.414213562373095, -2.414213562373096, 1.9339966273213842, -1.7071067811865475, 0.8197815862673951], [14.551284746917188, 21.280930843757204, -8.52394525479134, 4.9932115253309775, -3.53073372946036, 2.8284271247461885, -2.4966057626654887, 1.1989123673796593], [-5.8284271247461925, -8.52394525479134, 3.4142135623730967, -2.0, 1.4142135623730956, -1.1329089947010427, 1.0, -0.48021693505171065], [3.414213562373095, 4.9932115253309775, -2.0, 1.1715728752538095, -0.8284271247461901, 0.6636427241614017, -0.5857864376269047, 0.28130456767205225], [-2.414213562373096, -3.53073372946036, 1.4142135623730956, -0.8284271247461901, 0.5857864376269052, -0.4692662705396407, 0.41421356237309503, -0.19891236737965828], [1.9339966273213842, 2.8284271247461885, -1.1329089947010427, 0.6636427241614017, -0.4692662705396407, 0.37592340573517746, -0.33182136208070084, 0.15934623748307808], [-1.7071067811865475, -2.4966057626654887, 1.0, -0.5857864376269047, 0.41421356237309503, -0.33182136208070084, 0.29289321881345237, -0.14065228383602613], [0.8197815862673951, 1.1989123673796593, -0.48021693505171065, 0.28130456767205225, -0.19891236737965828, 0.15934623748307808, -0.14065228383602613, 0.06754360865175973]], [[-14.551284746917188, 2.230442497387664, 9.722857622170997, -4.460884994775328, 2.8944304974248074, -2.230442497387664, 1.9339966273213856, -0.9238795325112867], [-21.280930843757204, 3.261972627395669, 14.219463384836486, -6.523945254791338, 4.233040334174531, -3.261972627395669, 2.8284271247461907, -1.3511533023570843], [8.52394525479134, -1.3065629648763768, -5.695518130045149, 2.6131259297527536, -1.6955181300451485, 1.3065629648763768, -1.1329089947010436, 0.541196100146197], [-4.9932115253309775, 0.7653668647301795, 3.3363572758385978, -1.530733729460359, 0.9932115253309786, -0.7653668647301795, 0.6636427241614021, -0.31702533556221435], [3.53073372946036, -0.5411961001461971, -2.3591608542065496, 1.0823922002923942, -0.7023066047141696, 0.5411961001461971, -0.46926627053964104, 0.22417076458398255], [-2.8284271247461885, 0.4335455026494782, 1.8898945836669074, -0.8670910052989564, 0.5626091353441041, -0.4335455026494782, 0.37592340573517774, -0.17958042710327446], [2.4966057626654887, -0.3826834323650897, -1.6681786379192989, 0.7653668647301795, -0.4966057626654893, 0.3826834323650897, -0.33182136208070107, 0.15851266778110717], [-1.1989123673796593, 0.183771064985432, 0.801087632620343, -0.367542129970864, 0.2384784972762385, -0.183771064985432, 0.1593462374830782, -0.07612046748871332]], [[5.828427124746191, -9.722857622170997, 0.7071067811865476, 8.242640687119287, -4.121320343559644, 2.8944304974248074, -2.4142135623730945, 1.1406522838360258], [8.523945254791338, -14.219463384836486, 1.03412796679487, 12.054678984251696, -6.02733949212585, 4.233040334174531, -3.5307337294603576, 1.6681786379192984], [-3.414213562373096, 5.695518130045149, -0.41421356237309515, -4.828427124746192, 2.4142135623730963, -1.6955181300451485, 1.4142135623730947, -0.6681786379192989], [1.9999999999999996, -3.3363572758385978, 0.2426406871192851, 2.82842712474619, -1.4142135623730951, 0.9932115253309786, -0.8284271247461896, 0.39140998400514354], [-1.4142135623730954, 2.3591608542065496, -0.17157287525380993, -2.0000000000000004, 1.0000000000000004, -0.7023066047141696, 0.5857864376269049, -0.27676865391415517], [1.1329089947010424, -1.8898945836669074, 0.13744490845893975, 1.602175265240683, -0.8010876326203417, 0.5626091353441041, -0.46926627053964043, 0.22171594574760917], [-0.9999999999999998, 1.6681786379192989, -0.12132034355964255, -1.414213562373095, 0.7071067811865476, -0.4966057626654893, 0.4142135623730948, -0.19570499200257177], [0.48021693505171054, -0.801087632620343, 0.05826008354363209, 0.6791293024313688, -0.33956465121568447, 0.2384784972762385, -0.19891236737965817, 0.09398085143379456]], [[-3.414213562373098, 4.460884994775327, -8.242640687119287, 0.0, 8.242640687119287, -4.460884994775327, 3.414213562373098, -1.5771610149494752], [-4.993211525330982, 6.523945254791337, -12.054678984251696, 0.0, 12.054678984251696, -6.523945254791337, 4.993211525330982, -2.3065629648763766], [2.0000000000000018, -2.6131259297527536, 4.828427124746192, 0.0, -4.828427124746192, 2.6131259297527536, -2.0000000000000018, 0.923879532511287], [-1.1715728752538106, 1.5307337294603587, -2.82842712474619, 0.0, 2.82842712474619, -1.5307337294603587, 1.1715728752538106, -0.5411961001461969], [0.8284271247461908, -1.082392200292394, 2.0000000000000004, 0.0, -2.0000000000000004, 1.082392200292394, -0.8284271247461908, 0.38268343236508984], [-0.6636427241614022, 0.8670910052989563, -1.602175265240683, 0.0, 1.602175265240683, -0.8670910052989563, 0.6636427241614022, -0.30656296487637635], [0.5857864376269053, -0.7653668647301793, 1.414213562373095, 0.0, -1.414213562373095, 0.7653668647301793, -0.5857864376269053, 0.27059805007309845], [-0.2813045676720525, 0.36754212997086394, -0.6791293024313688, 0.0, 0.6791293024313688, -0.36754212997086394, 0.2813045676720525, -0.12994576623707266]], [[2.4142135623730945, -2.8944304974248074, 4.121320343559644, -8.242640687119287, -0.7071067811865476, 9.722857622170997, -5.828427124746191, 2.554865846209121], [3.5307337294603576, -4.233040334174531, 6.02733949212585, -12.054678984251696, -1.03412796679487, 14.219463384836486, -8.523945254791338, 3.736434571509039], [-1.4142135623730947, 1.6955181300451485, -2.4142135623730963, 4.828427124746192, 0.41421356237309515, -5.695518130045149, 3.414213562373096, -1.4966057626654892], [0.8284271247461896, -0.9932115253309786, 1.4142135623730951, -2.82842712474619, -0.2426406871192851, 3.3363572758385978, -1.9999999999999996, 0.8766913582437138], [-0.5857864376269049, 0.7023066047141696, -1.0000000000000004, 2.0000000000000004, 0.17157287525380993, -2.3591608542065496, 1.4142135623730954, -0.619914404421775], [0.46926627053964043, -0.5626091353441041, 0.8010876326203417, -1.602175265240683, -0.13744490845893975, 1.8898945836669074, -1.1329089947010424, 0.49660576266548867], [-0.4142135623730948, 0.4966057626654893, -0.7071067811865476, 1.414213562373095, 0.12132034355964255, -1.6681786379192989, 0.9999999999999998, -0.4383456791218569], [0.19891236737965817, -0.2384784972762385, 0.33956465121568447, -0.6791293024313688, -0.05826008354363209, 0.801087632620343, -0.48021693505171054, 0.21050101852105874]], [[-1.9339966273213856, 2.230442497387664, -2.8944304974248074, 4.460884994775328, -9.722857622170997, -2.230442497387664, 14.551284746917188, -5.384764527286614], [-2.8284271247461907, 3.261972627395669, -4.233040334174531, 6.523945254791338, -14.219463384836486, -3.261972627395669, 21.280930843757204, -7.875098557148421], [1.1329089947010436, -1.3065629648763768, 1.6955181300451485, -2.6131259297527536, 5.695518130045149, 1.3065629648763768, -8.52394525479134, 3.1543220298989505], [-0.6636427241614021, 0.7653668647301795, -0.9932115253309786, 1.530733729460359, -3.3363572758385978, -0.7653668647301795, 4.9932115253309775, -1.8477590650225733], [0.46926627053964104, -0.5411961001461971, 0.7023066047141696, -1.0823922002923942, 2.3591608542065496, 0.5411961001461971, -3.53073372946036, 1.3065629648763768], [-0.37592340573517774, 0.4335455026494782, -0.5626091353441041, 0.8670910052989564, -1.8898945836669074, -0.4335455026494782, 2.8284271247461885, -1.0466714324022308], [0.33182136208070107, -0.3826834323650897, 0.4966057626654893, -0.7653668647301795, 1.6681786379192989, 0.3826834323650897, -2.4966057626654887, 0.9238795325112866], [-0.1593462374830782, 0.183771064985432, -0.2384784972762385, 0.367542129970864, -0.801087632620343, -0.183771064985432, 1.1989123673796593, -0.44366259745957726]], [[1.7071067811865475, -1.9339966273213842, 2.414213562373096, -3.414213562373095, 5.8284271247461925, -14.551284746917188, -9.949747468305835, 20.71927652287906], [2.4966057626654887, -2.8284271247461885, 3.53073372946036, -4.9932115253309775, 8.52394525479134, -21.280930843757204, -14.551284746917188, 30.301481861214025], [-1.0, 1.1329089947010427, -1.4142135623730956, 2.0, -3.4142135623730967, 8.52394525479134, 5.8284271247461925, -12.137071184544093], [0.5857864376269047, -0.6636427241614017, 0.8284271247461901, -1.1715728752538095, 2.0, -4.9932115253309775, -3.414213562373095, 7.10973169241824], [-0.41421356237309503, 0.4692662705396407, -0.5857864376269052, 0.8284271247461901, -1.4142135623730956, 3.53073372946036, 2.414213562373096, -5.027339492125849], [0.33182136208070084, -0.37592340573517746, 0.4692662705396407, -0.6636427241614017, 1.1329089947010427, -2.8284271247461885, -1.9339966273213842, 4.027339492125845], [-0.29289321881345237, 0.33182136208070084, -0.41421356237309503, 0.5857864376269047, -1.0, 2.4966057626654887, 1.7071067811865475, -3.55486584620912], [0.14065228383602613, -0.15934623748307808, 0.19891236737965828, -0.28130456767205225, 0.48021693505171065, -1.1989123673796593, -0.8197815862673951, 1.7071067811865495]], [[-3.2791263450695802, 3.6955181300451483, -4.562609135344102, 6.308644059797901, -10.219463384836484, 21.539058109146456, -82.87710609151625, 67.81792364282744], [-4.795649469518637, 5.404613209428339, -6.672714551677192, 9.226251859505506, -14.945738286036153, 31.500394228593684, -121.20592744485612, 99.18220748968419], [1.9208677402068426, -2.164784400584789, 2.6727145516771946, -3.695518130045148, 5.986423050661956, -12.617288119595802, 48.54828473817637, -39.72681989798534], [-1.125218270688209, 1.2681013422488578, -1.5656399360205737, 2.1647844005847876, -3.5067654329748543, 7.391036260090293, -28.438926769672964, 23.271432306286467], [0.7956494695186331, -0.8966830583359305, 1.1070746156566205, -1.5307337294603593, 2.4796576176870997, -5.226251859505507, 20.109357968503396, -16.455387591698862], [-0.6373849499323123, 0.7183217084130982, -0.8868637829904364, 1.2262518595055054, -1.9864230506619545, 4.186685729608923, -16.109357968503385, 13.182207489684183], [0.5626091353441045, -0.6340506711244289, 0.7828199680102869, -1.0823922002923938, 1.7533827164874272, -3.6955181300451465, 14.219463384836482, -11.635716153143234], [-0.27017443460703894, 0.3044818699548534, -0.37592340573517813, 0.5197830649482906, -0.8420040740842348, 1.774650389838309, -6.828427124746199, 5.587667948194124]]], [[[-14.551284746917188, -21.280930843757204, 8.52394525479134, -4.9932115253309775, 3.53073372946036, -2.8284271247461885, 2.4966057626654887, -1.1989123673796593], [2.230442497387664, 3.261972627395669, -1.3065629648763768, 0.7653668647301795, -0.5411961001461971, 0.4335455026494782, -0.3826834323650897, 0.183771064985432], [9.722857622170997, 14.219463384836486, -5.695518130045149, 3.3363572758385978, -2.3591608542065496, 1.8898945836669074, -1.6681786379192989, 0.801087632620343], [-4.460884994775328, -6.523945254791338, 2.6131259297527536, -1.530733729460359, 1.0823922002923942, -0.8670910052989564, 0.7653668647301795, -0.367542129970864], [2.8944304974248074, 4.233040334174531, -1.6955181300451485, 0.9932115253309786, -0.7023066047141696, 0.5626091353441041, -0.4966057626654893, 0.2384784972762385], [-2.230442497387664, -3.261972627395669, 1.3065629648763768, -0.7653668647301795, 0.5411961001461971, -0.4335455026494782, 0.3826834323650897, -0.183771064985432], [1.9339966273213856, 2.8284271247461907, -1.1329089947010436, 0.6636427241614021, -0.46926627053964104, 0.37592340573517774, -0.33182136208070107, 0.1593462374830782], [-0.9238795325112867, -1.3511533023570843, 0.541196100146197, -0.31702533556221435, 0.22417076458398255, -0.17958042710327446, 0.15851266778110717, -0.07612046748871332]], [[21.280930843757204, -3.261972627395669, -14.219463384836486, 6.523945254791338, -4.233040334174531, 3.261972627395669, -2.8284271247461907, 1.3511533023570843], [-3.261972627395669, 0.5000000000000001, 2.179580427103275, -1.0000000000000002, 0.648846697642916, -0.5000000000000001, 0.43354550264947855, -0.20710678118654752], [-14.219463384836486, 2.179580427103275, 9.501141676423387, -4.35916085420655, 2.828427124746192, -2.179580427103275, 1.8898945836669088, -0.9028117731891193], [6.523945254791338, -1.0000000000000002, -4.35916085420655, 2.0000000000000004, -1.297693395285832, 1.0000000000000002, -0.8670910052989571, 0.41421356237309503], [-4.233040334174531, 0.648846697642916, 2.828427124746192, -1.297693395285832, 0.8420040740842352, -0.648846697642916, 0.5626091353441044, -0.26876110206469067], [3.261972627395669, -0.5000000000000001, -2.179580427103275, 1.0000000000000002, -0.648846697642916, 0.5000000000000001, -0.43354550264947855, 0.20710678118654752], [-2.8284271247461907, 0.43354550264947855, 1.8898945836669088, -0.8670910052989571, 0.5626091353441044, -0.43354550264947855, 0.375923405735178, -0.1795804271032746], [1.3511533023570843, -0.20710678118654752, -0.9028117731891193, 0.41421356237309503, -0.26876110206469067, 0.20710678118654752, -0.1795804271032746, 0.08578643762690492]], [[-8.523945254791338, 14.219463384836486, -1.03412796679487, -12.054678984251696, 6.02733949212585, -4.233040334174531, 3.5307337294603576, -1.6681786379192984], [1.3065629648763766, -2.179580427103275, 0.15851266778110723, 1.8477590650225737, -0.923879532511287, 0.648846697642916, -0.5411961001461968, 0.2557008945919878], [5.695518130045148, -9.501141676423387, 0.6909822162872503, 8.054678984251698, -4.027339492125849, 2.828427124746192, -2.3591608542065483, 1.1146413300909883], [-2.613125929752753, 4.35916085420655, -0.31702533556221446, -3.6955181300451474, 1.847759065022574, -1.297693395285832, 1.0823922002923936, -0.5114017891839756], [1.695518130045148, -2.828427124746192, 0.2057008420486801, 2.397824734759318, -1.1989123673796591, 0.8420040740842352, -0.7023066047141692, 0.33182136208070123], [-1.3065629648763766, 2.179580427103275, -0.15851266778110723, -1.8477590650225737, 0.923879532511287, -0.648846697642916, 0.5411961001461968, -0.2557008945919878], [1.1329089947010433, -1.8898945836669088, 0.13744490845893986, 1.6021752652406842, -0.8010876326203423, 0.5626091353441044, -0.4692662705396408, 0.22171594574760933], [-0.5411961001461969, 0.9028117731891193, -0.06565809680287533, -0.7653668647301795, 0.3826834323650898, -0.26876110206469067, 0.22417076458398244, -0.10591477845093451]], [[4.993211525330982, -6.523945254791337, 12.054678984251696, 0.0, -12.054678984251696, 6.523945254791337, -4.993211525330982, 2.3065629648763766], [-0.7653668647301801, 1.0, -1.8477590650225737, 0.0, 1.8477590650225737, -1.0, 0.7653668647301801, -0.3535533905932738], [-3.3363572758386004, 4.359160854206549, -8.054678984251698, 0.0, 8.054678984251698, -4.359160854206549, 3.3363572758386004, -1.5411961001461971], [1.5307337294603602, -2.0, 3.6955181300451474, 0.0, -3.6955181300451474, 2.0, -1.5307337294603602, 0.7071067811865476], [-0.9932115253309793, 1.2976933952858318, -2.397824734759318, 0.0, 2.397824734759318, -1.2976933952858318, 0.9932115253309793, -0.4588038998538033], [0.7653668647301801, -1.0, 1.8477590650225737, 0.0, -1.8477590650225737, 1.0, -0.7653668647301801, 0.3535533905932738], [-0.6636427241614027, 0.867091005298957, -1.6021752652406842, 0.0, 1.6021752652406842, -0.867091005298957, 0.6636427241614027, -0.3065629648763766], [0.31702533556221457, -0.4142135623730949, 0.7653668647301795, 0.0, -0.7653668647301795, 0.4142135623730949, -0.31702533556221457, 0.1464466094067262]], [[-3.5307337294603576, 4.233040334174531, -6.02733949212585, 12.054678984251696, 1.03412796679487, -14.219463384836486, 8.523945254791338, -3.736434571509039], [0.5411961001461968, -0.648846697642916, 0.923879532511287, -1.8477590650225737, -0.15851266778110723, 2.179580427103275, -1.3065629648763766, 0.5727262301542022], [2.3591608542065483, -2.828427124746192, 4.027339492125849, -8.054678984251698, -0.6909822162872503, 9.501141676423387, -5.695518130045148, 2.4966057626654887], [-1.0823922002923936, 1.297693395285832, -1.847759065022574, 3.6955181300451474, 0.31702533556221446, -4.35916085420655, 2.613125929752753, -1.1454524603084044], [0.7023066047141692, -0.8420040740842352, 1.1989123673796591, -2.397824734759318, -0.2057008420486801, 2.828427124746192, -1.695518130045148, 0.7432230461780615], [-0.5411961001461968, 0.648846697642916, -0.923879532511287, 1.8477590650225737, 0.15851266778110723, -2.179580427103275, 1.3065629648763766, -0.5727262301542022], [0.4692662705396408, -0.5626091353441044, 0.8010876326203423, -1.6021752652406842, -0.13744490845893986, 1.8898945836669088, -1.1329089947010433, 0.49660576266548906], [-0.22417076458398244, 0.26876110206469067, -0.3826834323650898, 0.7653668647301795, 0.06565809680287533, -0.9028117731891193, 0.5411961001461969, -0.23723097205668517]], [[2.8284271247461907, -3.261972627395669, 4.233040334174531, -6.523945254791338, 14.219463384836486, 3.261972627395669, -21.280930843757204, 7.875098557148421], [-0.43354550264947855, 0.5000000000000001, -0.648846697642916, 1.0000000000000002, -2.179580427103275, -0.5000000000000001, 3.261972627395669, -1.2071067811865475], [-1.8898945836669088, 2.179580427103275, -2.828427124746192, 4.35916085420655, -9.501141676423387, -2.179580427103275, 14.219463384836486, -5.261972627395669], [0.8670910052989571, -1.0000000000000002, 1.297693395285832, -2.0000000000000004, 4.35916085420655, 1.0000000000000002, -6.523945254791338, 2.414213562373095], [-0.5626091353441044, 0.648846697642916, -0.8420040740842352, 1.297693395285832, -2.828427124746192, -0.648846697642916, 4.233040334174531, -1.5664544973505226], [0.43354550264947855, -0.5000000000000001, 0.648846697642916, -1.0000000000000002, 2.179580427103275, 0.5000000000000001, -3.261972627395669, 1.2071067811865475], [-0.375923405735178, 0.43354550264947855, -0.5626091353441044, 0.8670910052989571, -1.8898945836669088, -0.43354550264947855, 2.8284271247461907, -1.0466714324022317], [0.1795804271032746, -0.20710678118654752, 0.26876110206469067, -0.41421356237309503, 0.9028117731891193, 0.20710678118654752, -1.3511533023570843, 0.4999999999999999]], [[-2.4966057626654887, 2.8284271247461885, -3.53073372946036, 4.9932115253309775, -8.52394525479134, 21.280930843757204, 14.551284746917188, -30.301481861214025], [0.3826834323650897, -0.4335455026494782, 0.5411961001461971, -0.7653668647301795, 1.3065629648763768, -3.261972627395669, -2.230442497387664, 4.6446560597607585], [1.6681786379192989, -1.8898945836669074, 2.3591608542065496, -3.3363572758385978, 5.695518130045149, -14.219463384836486, -9.722857622170997, 20.24680287696233], [-0.7653668647301795, 0.8670910052989564, -1.0823922002923942, 1.530733729460359, -2.6131259297527536, 6.523945254791338, 4.460884994775328, -9.289312119521517], [0.4966057626654893, -0.5626091353441041, 0.7023066047141696, -0.9932115253309786, 1.6955181300451485, -4.233040334174531, -2.8944304974248074, 6.027339492125852], [-0.3826834323650897, 0.4335455026494782, -0.5411961001461971, 0.7653668647301795, -1.3065629648763768, 3.261972627395669, 2.230442497387664, -4.6446560597607585], [0.33182136208070107, -0.37592340573517774, 0.46926627053964104, -0.6636427241614021, 1.1329089947010436, -2.8284271247461907, -1.9339966273213856, 4.027339492125848], [-0.15851266778110717, 0.17958042710327446, -0.22417076458398255, 0.31702533556221435, -0.541196100146197, 1.3511533023570843, 0.9238795325112867, -1.9238795325112863]], [[4.795649469518637, -5.404613209428339, 6.672714551677192, -9.226251859505506, 14.945738286036153, -31.500394228593684, 121.20592744485612, -99.18220748968419], [-0.735084259941728, 0.8284271247461903, -1.0228035783679508, 1.4142135623730951, -2.2909049206168084, 4.82842712474619, -18.578624239043034, 15.202795795510772], [-3.204350530481372, 3.6112470927564786, -4.4585653203639515, 6.1647844005847885, -9.986423050661955, 21.047890509582675, -80.98721150784934, 66.27143230628647], [1.470168519883456, -1.6568542494923806, 2.0456071567359015, -2.8284271247461903, 4.581809841233617, -9.65685424949238, 37.15724847808607, -30.405591591021544], [-0.953913989104954, 1.0750444082587631, -1.3272854483228045, 1.8352155994152133, -2.9728921847122454, 6.26581798940209, -24.10935796850341, 19.728567693713543], [0.735084259941728, -0.8284271247461903, 1.0228035783679508, -1.4142135623730951, 2.2909049206168084, -4.82842712474619, 18.578624239043034, -15.202795795510772], [-0.6373849499323128, 0.7183217084130986, -0.886863782990437, 1.2262518595055063, -1.9864230506619558, 4.186685729608927, -16.109357968503396, 13.182207489684192], [0.30448186995485327, -0.3431457505076198, 0.42365911380373794, -0.5857864376269049, 0.9489238882267406, -1.9999999999999996, 7.695518130045146, -6.297204204489227]]], [[[5.828427124746191, 8.523945254791338, -3.414213562373096, 1.9999999999999996, -1.4142135623730954, 1.1329089947010424, -0.9999999999999998, 0.48021693505171054], [-9.722857622170997, -14.219463384836486, 5.695518130045149, -3.3363572758385978, 2.3591608542065496, -1.8898945836669074, 1.6681786379192989, -0.801087632620343], [0.7071067811865476, 1.03412796679487, -0.41421356237309515, 0.2426406871192851, -0.17157287525380993, 0.13744490845893975, -0.12132034355964255, 0.05826008354363209], [8.242640687119287, 12.054678984251696, -4.828427124746192, 2.82842712474619, -2.0000000000000004, 1.602175265240683, -1.414213562373095, 0.6791293024313688], [-4.121320343559644, -6.02733949212585, 2.4142135623730963, -1.4142135623730951, 1.0000000000000004, -0.8010876326203417, 0.7071067811865476, -0.33956465121568447], [2.8944304974248074, 4.233040334174531, -1.6955181300451485, 0.9932115253309786, -0.7023066047141696, 0.5626091353441041, -0.4966057626654893, 0.2384784972762385], [-2.4142135623730945, -3.5307337294603576, 1.4142135623730947, -0.8284271247461896, 0.5857864376269049, -0.46926627053964043, 0.4142135623730948, -0.19891236737965817], [1.1406522838360258, 1.6681786379192984, -0.6681786379192989, 0.39140998400514354, -0.27676865391415517, 0.22171594574760917, -0.19570499200257177, 0.09398085143379456]], [[-8.523945254791338, 1.3065629648763766, 5.695518130045148, -2.613125929752753, 1.695518130045148, -1.3065629648763766, 1.1329089947010433, -0.5411961001461969], [14.219463384836486, -2.179580427103275, -9.501141676423387, 4.35916085420655, -2.828427124746192, 2.179580427103275, -1.8898945836669088, 0.9028117731891193], [-1.03412796679487, 0.15851266778110723, 0.6909822162872503, -0.31702533556221446, 0.2057008420486801, -0.15851266778110723, 0.13744490845893986, -0.06565809680287533], [-12.054678984251696, 1.8477590650225737, 8.054678984251698, -3.6955181300451474, 2.397824734759318, -1.8477590650225737, 1.6021752652406842, -0.7653668647301795], [6.02733949212585, -0.923879532511287, -4.027339492125849, 1.847759065022574, -1.1989123673796591, 0.923879532511287, -0.8010876326203423, 0.3826834323650898], [-4.233040334174531, 0.648846697642916, 2.828427124746192, -1.297693395285832, 0.8420040740842352, -0.648846697642916, 0.5626091353441044, -0.26876110206469067], [3.5307337294603576, -0.5411961001461968, -2.3591608542065483, 1.0823922002923936, -0.7023066047141692, 0.5411961001461968, -0.4692662705396408, 0.22417076458398244], [-1.6681786379192984, 0.2557008945919878, 1.1146413300909883, -0.5114017891839756, 0.33182136208070123, -0.2557008945919878, 0.22171594574760933, -0.10591477845093451]], [[3.414213562373095, -5.695518130045148, 0.41421356237309503, 4.82842712474619, -2.4142135623730954, 1.695518130045148, -1.4142135623730945, 0.6681786379192988], [-5.695518130045148, 9.501141676423387, -0.6909822162872503, -8.054678984251698, 4.027339492125849, -2.828427124746192, 2.3591608542065483, -1.1146413300909883], [0.41421356237309503, -0.6909822162872503, 0.050252531694167324, 0.585786437626905, -0.29289321881345254, 0.2057008420486801, -0.17157287525380982, 0.08106366191158335], [4.82842712474619, -8.054678984251698, 0.585786437626905, 6.828427124746191, -3.414213562373096, 2.397824734759318, -1.9999999999999993, 0.9449472918334539], [-2.4142135623730954, 4.027339492125849, -0.29289321881345254, -3.414213562373096, 1.7071067811865481, -1.1989123673796591, 0.9999999999999998, -0.472473645916727], [1.695518130045148, -2.828427124746192, 0.2057008420486801, 2.397824734759318, -1.1989123673796591, 0.8420040740842352, -0.7023066047141692, 0.33182136208070123], [-1.4142135623730945, 2.3591608542065483, -0.17157287525380982, -1.9999999999999993, 0.9999999999999998, -0.7023066047141692, 0.5857864376269045, -0.27676865391415506], [0.6681786379192988, -1.1146413300909883, 0.08106366191158335, 0.9449472918334539, -0.472473645916727, 0.33182136208070123, -0.27676865391415506, 0.13076589499028568]], [[-2.0000000000000013, 2.6131259297527527, -4.82842712474619, 0.0, 4.82842712474619, -2.6131259297527527, 2.0000000000000013, -0.9238795325112867], [3.3363572758386004, -4.359160854206549, 8.054678984251698, 0.0, -8.054678984251698, 4.359160854206549, -3.3363572758386004, 1.5411961001461971], [-0.2426406871192853, 0.3170253355622144, -0.585786437626905, 0.0, 0.585786437626905, -0.3170253355622144, 0.2426406871192853, -0.11208538229199128], [-2.828427124746192, 3.695518130045147, -6.828427124746191, 0.0, 6.828427124746191, -3.695518130045147, 2.828427124746192, -1.3065629648763766], [1.4142135623730963, -1.8477590650225737, 3.414213562373096, 0.0, -3.414213562373096, 1.8477590650225737, -1.4142135623730963, 0.6532814824381884], [-0.9932115253309793, 1.2976933952858318, -2.397824734759318, 0.0, 2.397824734759318, -1.2976933952858318, 0.9932115253309793, -0.4588038998538033], [0.8284271247461903, -1.08239220029